0 -0.00000000000000000000 -0.00000000000000000000 -0.00000000000000000000
1 -0.00000100000012577162 -0.00000100000012577162 0.00002233333333333334
2 -0.00000081481497530867 -0.00000081481497530867 0.00008866666666666668
3 -0.00000048148160302358 -0.00000048148160302358 0.00019799999999999999
4 -0.00000024691365230573 -0.00000024691365230573 0.00034933333333333333
5 -0.00000011659811673110 -0.00000011659811673110 0.00054166666666666686
6 -0.00000005212621784294 -0.00000005212621784294 0.00077399999999999995
7 -0.00000002240512900054 -0.00000002240512900054 0.00104533333333333344
8 -0.00000000934817181749 -0.00000000934817181749 0.00135466666666666678
9 -0.00000000381039614427 -0.00000000381039614427 0.00170099999999999982
10 -0.00000000152415846430 -0.00000000152415846430 0.00208333333333333417
11 -0.00000000060025500203 -0.00000000060025500203 0.00250066666666666666
12 -0.00000000023332796372 -0.00000000023332796372 0.00295199999999999976
13 -0.00000000008969327653 -0.00000000008969327653 0.00343633333333333377
14 -0.00000000003414895537 -0.00000000003414895537 0.00395266666666666683
15 -0.00000000001289297296 -0.00000000001289297296 0.00450000000000000053
16 -0.00000000000483196104 -0.00000000000483196104 0.00507733333333333387
17 -0.00000000000179907951 -0.00000000000179907951 0.00568366666666666760
18 -0.00000000000066594335 -0.00000000000066594335 0.00631799999999999983
19 -0.00000000000024521170 -0.00000000000024521170 0.00697933333333333305
20 -0.00000000000008986316 -0.00000000000008986316 0.00766666666666666885
21 -0.00000000000003279049 -0.00000000000003279049 0.00837899999999999930
22 -0.00000000000001191802 -0.00000000000001191802 0.00911533333333333293
23 -0.00000000000000431612 -0.00000000000000431612 0.00987466666666666874
24 -0.00000000000000155791 -0.00000000000000155791 0.01065599999999999881
25 -0.00000000000000056061 -0.00000000000000056061 0.01145833333333333426
26 -0.00000000000000020116 -0.00000000000000020116 0.01228066666666666716
27 -0.00000000000000007199 -0.00000000000000007199 0.01312199999999999998
28 -0.00000000000000002570 -0.00000000000000002570 0.01398133333333333519
29 -0.00000000000000000916 -0.00000000000000000916 0.01485766666666666486
30 -0.00000000000000000325 -0.00000000000000000325 0.01575000000000000011
31 -0.00000000000000000115 -0.00000000000000000115 0.01665733333333333649
32 -0.00000000000000000041 -0.00000000000000000041 0.01757866666666666605
33 -0.00000000000000000014 -0.00000000000000000014 0.01851300000000000168
34 -0.00000000000000000005 -0.00000000000000000005 0.01945933333333333543
35 -0.00000000000000000002 -0.00000000000000000002 0.02041666666666667324
36 -0.00000000000000000001 -0.00000000000000000001 0.02138400000000000023
37 -0.00000000000000000000 -0.00000000000000000000 0.02236033333333333623
38 -0.00000000000000000000 -0.00000000000000000000 0.02334466666666666634
39 -0.00000000000000000000 -0.00000000000000000000 0.02433600000000000346
40 -0.00000000000000000000 -0.00000000000000000000 0.02533333333333333964
41 -0.00000000000000000000 -0.00000000000000000000 0.02633566666666667389
42 -0.00000000000000000000 -0.00000000000000000000 0.02734199999999999825
43 -0.00000000000000000000 -0.00000000000000000000 0.02835133333333332561
44 -0.00000000000000000000 -0.00000000000000000000 0.02936266666666666886
45 -0.00000000000000000000 -0.00000000000000000000 0.03037500000000000616
46 -0.00000000000000000000 -0.00000000000000000000 0.03138733333333333653
47 -0.00000000000000000000 -0.00000000000000000000 0.03239866666666667283
48 -0.00000000000000000000 -0.00000000000000000000 0.03340799999999999326
49 -0.00000000000000000000 -0.00000000000000000000 0.03441433333333332456
50 -0.00000000000000000000 -0.00000000000000000000 0.03541666666666666574
51 -0.00000000000000000000 -0.00000000000000000000 0.03641400000000000192
52 -0.00000000000000000000 -0.00000000000000000000 0.03740533333333333210
53 -0.00000000000000000000 -0.00000000000000000000 0.03838966666666666916
54 -0.00000000000000000000 -0.00000000000000000000 0.03936599999999999822
55 -0.00000000000000000000 -0.00000000000000000000 0.04033333333333333215
56 -0.00000000000000000000 -0.00000000000000000000 0.04129066666666666996
57 -0.00000000000000000000 -0.00000000000000000000 0.04223700000000001065
58 -0.00000000000000000000 -0.00000000000000000000 0.04317133333333333239
59 -0.00000000000000000000 -0.00000000000000000000 0.04409266666666666196
60 -0.00000000000000000000 -0.00000000000000000000 0.04500000000000000527
61 -0.00000000000000000000 -0.00000000000000000000 0.04589233333333334053
62 -0.00000000000000000000 -0.00000000000000000000 0.04676866666666667366
63 -0.00000000000000000000 -0.00000000000000000000 0.04762800000000000367
64 -0.00000000000000000000 -0.00000000000000000000 0.04846933333333332955
65 -0.00000000000000000000 -0.00000000000000000000 0.04929166666666666419
66 -0.00000000000000000000 -0.00000000000000000000 0.05009400000000000658
67 -0.00000000000000000000 -0.00000000000000000000 0.05087533333333334878
68 -0.00000000000000000000 -0.00000000000000000000 0.05163466666666666899
69 -0.00000000000000000000 -0.00000000000000000000 0.05237100000000000782
70 -0.00000000000000000000 -0.00000000000000000000 0.05308333333333335041
71 -0.00000000000000000000 -0.00000000000000000000 0.05377066666666666800
72 -0.00000000000000000000 -0.00000000000000000000 0.05443200000000000122
73 -0.00000000000000000000 -0.00000000000000000000 0.05506633333333332825
74 -0.00000000000000000000 -0.00000000000000000000 0.05567266666666667585
75 -0.00000000000000000000 -0.00000000000000000000 0.05624999999999999445
76 -0.00000000000000000000 -0.00000000000000000000 0.05679733333333332468
77 -0.00000000000000000000 -0.00000000000000000000 0.05731366666666666554
78 -0.00000000000000000000 -0.00000000000000000000 0.05779800000000000215
79 -0.00000000000000000000 -0.00000000000000000000 0.05824933333333334740
80 -0.00000000000000000000 -0.00000000000000000000 0.05866666666666668639
81 -0.00000000000000000000 -0.00000000000000000000 0.05904900000000001814
82 -0.00000000000000000000 -0.00000000000000000000 0.05939533333333335552
83 -0.00000000000000000000 -0.00000000000000000000 0.05970466666666665589
84 -0.00000000000000000000 -0.00000000000000000000 0.05997600000000000153
85 -0.00000000000000000000 -0.00000000000000000000 0.06020833333333334980
86 -0.00000000000000000000 -0.00000000000000000000 0.06040066666666664419
87 -0.00000000000000000000 -0.00000000000000000000 0.06055199999999998084
88 0.00675033729475472098 0.00675033729475472098 0.06066133333333334487
89 0.02925100746325667855 0.02925100746325667855 0.06072766666666666591
90 0.06075000000000001232 0.06075000000000001232 0.06075000000000001232
