0 0.00000000000000000000 0.00000000000000000000
1 0.00394430994878996587 0.00444999999999999996
2 0.00829552111647593841 0.00880000000000000053
3 0.01254732567644487040 0.01304999999999999910
4 0.01669972104562437304 0.01720000000000000001
5 0.02075270392302197911 0.02125000000000000153
6 0.02470627029420693205 0.02520000000000000018
7 0.02856041543665826729 0.02905000000000000637
8 0.03231513392597205880 0.03280000000000000276
9 0.03597041964291982502 0.03645000000000000323
10 0.03952626578134869201 0.04000000000000000777
11 0.04298266485691336347 0.04345000000000000251
12 0.04633960871662889947 0.04680000000000000132
13 0.04959708854923173399 0.05005000000000000421
14 0.05275509489633611188 0.05320000000000000423
15 0.05581361766437133859 0.05624999999999999445
16 0.05877264613728568066 0.05920000000000000262
17 0.06163216899000033971 0.06205000000000000099
18 0.06439217430259645825 0.06479999999999999649
19 0.06705264957521782365 0.06744999999999999607
20 0.06961358174367048013 0.06999999999999999278
21 0.07207495719570027048 0.07245000000000000051
22 0.07443676178792660303 0.07480000000000000537
23 0.07669898086341336851 0.07705000000000000737
24 0.07886159926985356061 0.07920000000000000651
25 0.08092460137834582568 0.08125000000000000278
26 0.08288797110274020996 0.08320000000000001006
27 0.08475169191952758307 0.08505000000000000060
28 0.08651574688824867354 0.08680000000000000215
29 0.08818011867239962387 0.08845000000000001472
30 0.08974478956080582381 0.09000000000000001055
31 0.09120974148943694626 0.09145000000000001739
32 0.09257495606364070373 0.09280000000000000748
33 0.09384041458076179676 0.09405000000000000859
34 0.09500609805312403011 0.09520000000000002072
35 0.09607198723134337259 0.09625000000000001610
36 0.09703806262794638371 0.09720000000000000862
37 0.09790430454126204662 0.09804999999999999827
38 0.09867069307955833590 0.09879999999999999893
39 0.09933720818539759634 0.09945000000000001061
40 0.09990382966017542776 0.10000000000000000555
41 0.10037053718881683295 0.10045000000000001150
42 0.10073731036459900035 0.10080000000000000071
43 0.10100412871406772020 0.10105000000000000093
44 0.10117097172202028921 0.10119999999999999829
45 0.10123781885652392842 0.10125000000000000666
46 0.10120464959393581095 0.10119999999999999829
47 0.10107144344389945578 0.10105000000000000093
48 0.10083817997428370927 0.10080000000000000071
49 0.10050483883603453239 0.10045000000000001150
50 0.10007139978790748069 0.10000000000000000555
51 0.09953784272105498099 0.09945000000000001061
52 0.09890414768343701313 0.09879999999999999893
53 0.09817029490402397196 0.09804999999999999827
54 0.09733626481676325992 0.09720000000000000862
55 0.09640203808427769139 0.09625000000000000222
56 0.09536759562127627987 0.09520000000000000684
57 0.09423291861763785637 0.09404999999999999472
58 0.09299798856114566137 0.09280000000000000748
59 0.09166278725984550180 0.09145000000000001739
60 0.09022729686399590110 0.09000000000000001055
61 0.08869149988759046643 0.08845000000000001472
62 0.08705537922942332973 0.08680000000000000215
63 0.08531891819366886620 0.08505000000000000060
64 0.08348210050995452658 0.08320000000000001006
65 0.08154491035290631351 0.08125000000000000278
66 0.07950733236113567692 0.07920000000000000651
67 0.07736935165565082817 0.07704999999999999349
68 0.07513095385766506429 0.07479999999999999150
69 0.07279212510578718376 0.07245000000000000051
70 0.07035285207257074847 0.06999999999999999278
71 0.06781312198039790573 0.06745000000000002383
72 0.06517292261668979070 0.06480000000000001037
73 0.06243224234841124320 0.06205000000000001487
74 0.05959107013586290025 0.05920000000000000956
75 0.05664939554574574543 0.05625000000000000833
76 0.05360720876347174757 0.05320000000000000423
77 0.05046450060471260879 0.05005000000000000421
78 0.04722126252618037701 0.04680000000000000132
79 0.04387748663561390206 0.04344999999999999557
80 0.04043316570096593121 0.03999999999999999389
81 0.03688829315878112969 0.03644999999999998935
82 0.03324286312175600555 0.03279999999999998889
83 0.02949687038546547346 0.02904999999999998209
84 0.02565031043425536339 0.02520000000000002099
85 0.02170317944629393536 0.02125000000000001887
86 0.01765547429777129806 0.01720000000000001389
87 0.01350719256624915987 0.01305000000000001124
88 0.00925833253314876925 0.00880000000000000747
89 0.00490889318538537123 0.00445000000000000430
